frequency: 50
horizon_delay: 0.4

dvl_offset: [-0.16256, 0, 0.110236]
dvl_covariance: [1.0e-9, 1.0e-9, 1.0e-9]
imu_covariance: [1.0e-6, 1.0e-6, 1.0e-6, 1.0e-4, 1.0e-4, 1.0e-4]
depth_covariance: [1.0e-9]
process_covariance: [0.0, 0.0, 0.0, 1.0e-4, 1.0e-4, 1.0e-4, 0.0, 0.0, 0.0, 0.0, 0.0, 0.0, 0.0, 0.0, 0.0]
