frequency: 50
horizon_delay: 0.05
dvl_timeout: 1.0

dvl_offset: [-0.16256, 0, 0.110236]
dvl_covariance: [1.0e-9, 1.0e-9, 1.0e-9]
imu_covariance: [1.0e-7, 1.0e-7, 1.0e-7, 1.0e-7, 1.0e-7, 1.0e-7, 1.0e-7, 1.0e-7, 1.0e-7]
depth_covariance: [1.0e-9]
process_covariance: [1.0e-6, 1.0e-6, 1.0e-6, 1.0e-6, 1.0e-6, 1.0e-6, 1.0e-6, 1.0e-6, 1.0e-6, 1.0e-6, 1.0e-6, 1.0e-6, 1.0e-6, 1.0e-6, 1.0e-6]
euler_acceleration_filter_constant: 0.1