dvl_offset: [-0.16256, 0, 0.110236]
dvl_covariance: [0.0001, 0.0001, 0.0001]
imu_covariance: [0.0001, 0.0001, 0.0001, 0.0001, 0.0001, 0.0001, 0.0001, 0.0001, 0.0001]