frequency: 50
horizon_delay: 0.4

dvl_offset: [-0.16256, 0, 0.110236]
dvl_covariance: [1.0e-8, 1.0e-8, 1.0e-8]
imu_covariance: [1.0e-7, 1.0e-7, 1.0e-7, 1.0e-7, 1.0e-7, 1.0e-7, 1.0e-6, 1.0e-6, 1.0e-6]
depth_covariance: [1.0e-6]
process_covariance: [1.0e-6, 1.0e-6, 1.0e-6, 1.0e-6, 1.0e-6, 1.0e-6, 1.0e-6, 1.0e-6, 1.0e-6, 1.0e-6, 1.0e-6, 1.0e-6, 1.0e-6, 1.0e-6, 1.0e-6]
